{
  "advancedEditorSelectedIdentifier" : "BehaviorsPluginID",
  "openSceneRelativePaths" : [
    "Scene.usda"
  ],
  "recentIdentifiers" : {
    "D66134B1-3681-4A8E-AFE5-29F257229F3B" : [

    ]
  },
  "sceneCameraHistory" : {
    "D66134B1-3681-4A8E-AFE5-29F257229F3B" : [
      {
        "date" : 753028688.629441,
        "title" : "Untitled",
        "transform" : [
          0.99711144,
          7.0001365e-06,
          -0.07595173,
          0,
          -0.044769302,
          0.80786276,
          -0.5876677,
          0,
          0.061354652,
          0.58937067,
          0.8055295,
          0,
          0.24859115,
          0.36958748,
          0.8609066,
          1
        ]
      },
      {
        "date" : 753028303.114661,
        "title" : "Untitled",
        "transform" : [
          0.99711144,
          7.0001365e-06,
          -0.07595173,
          0,
          -0.044769302,
          0.80786276,
          -0.5876677,
          0,
          0.061354652,
          0.58937067,
          0.8055295,
          0,
          0.14416239,
          0.5333672,
          0.74903023,
          1
        ]
      },
      {
        "date" : 753028214.826868,
        "title" : "Untitled",
        "transform" : [
          0.7998343,
          6.9987063e-06,
          0.60022074,
          0,
          0.16053623,
          0.96356595,
          -0.21393642,
          0,
          -0.57835364,
          0.267471,
          0.7706921,
          0,
          -0.17400575,
          0.41117662,
          0.6957046,
          1
        ]
      },
      {
        "date" : 753028190.794005,
        "title" : "Untitled",
        "transform" : [
          0.7998343,
          6.9987063e-06,
          0.60022074,
          0,
          0.16053623,
          0.96356595,
          -0.21393642,
          0,
          -0.57835364,
          0.267471,
          0.7706921,
          0,
          -0.009365723,
          0.43248922,
          0.2955438,
          1
        ]
      },
      {
        "date" : 753028154.793752,
        "title" : "Untitled",
        "transform" : [
          0.7998343,
          6.9987063e-06,
          0.60022074,
          0,
          0.16053623,
          0.96356595,
          -0.21393642,
          0,
          -0.57835364,
          0.267471,
          0.7706921,
          0,
          0.010248225,
          0.41982636,
          0.3146575,
          1
        ]
      },
      {
        "date" : 753028149.668346,
        "title" : "Untitled",
        "transform" : [
          0.81810117,
          6.9987063e-06,
          0.57507426,
          0,
          0.15381016,
          0.96356595,
          -0.21882209,
          0,
          -0.5541234,
          0.267471,
          0.7882935,
          0,
          -0.17945328,
          0.4644871,
          0.80072457,
          1
        ]
      },
      {
        "date" : 753028094.99723,
        "title" : "Untitled",
        "transform" : [
          0.81810117,
          6.9987063e-06,
          0.57507426,
          0,
          0.15381016,
          0.96356595,
          -0.21882209,
          0,
          -0.5541234,
          0.267471,
          0.7882935,
          0,
          -0.14067583,
          0.20596743,
          0.71616215,
          1
        ]
      },
      {
        "date" : 753028092.289097,
        "title" : "Untitled",
        "transform" : [
          0.81810117,
          6.9987063e-06,
          0.57507426,
          0,
          0.15381016,
          0.96356595,
          -0.21882209,
          0,
          -0.55412334,
          0.26747096,
          0.78829336,
          0,
          -0.17805268,
          0.2834439,
          0.7857195,
          1
        ]
      },
      {
        "date" : 753028069.518452,
        "title" : "Untitled",
        "transform" : [
          0.69310176,
          7.0031524e-06,
          0.7208398,
          0,
          0.30060318,
          0.90889543,
          -0.28904465,
          0,
          -0.65516996,
          0.41702414,
          0.6299549,
          0,
          -0.21274993,
          0.36690667,
          0.672055,
          1
        ]
      },
      {
        "date" : 753028066.34377,
        "title" : "Untitled",
        "transform" : [
          0.69310176,
          7.0031524e-06,
          0.7208398,
          0,
          0.30060318,
          0.90889543,
          -0.28904465,
          0,
          -0.65516996,
          0.41702414,
          0.6299549,
          0,
          -0.22063437,
          0.54579794,
          0.48080343,
          1
        ]
      }
    ]
  },
  "sceneViewportBackgroundColors" : {

  },
  "selectedSceneRelativePath" : "Scene.usda"
}