{
  "advancedEditorSelectedIdentifier" : "BehaviorsPluginID",
  "openSceneRelativePaths" : [
    "Scene.usda"
  ],
  "recentIdentifiers" : {
    "D66134B1-3681-4A8E-AFE5-29F257229F3B" : [

    ]
  },
  "sceneCameraHistory" : {
    "D66134B1-3681-4A8E-AFE5-29F257229F3B" : [
      {
        "date" : 753115540.945093,
        "title" : "Untitled",
        "transform" : [
          0.95295656,
          6.9625303e-06,
          0.30310696,
          0,
          0.1941099,
          0.7680268,
          -0.6102919,
          0,
          -0.23279841,
          0.6404176,
          0.7318949,
          0,
          -0.41682154,
          0.6597937,
          1.5889769,
          1
        ]
      },
      {
        "date" : 753115539.472583,
        "title" : "Untitled",
        "transform" : [
          0.95295656,
          6.9625303e-06,
          0.30310696,
          0,
          0.1941099,
          0.7680268,
          -0.6102919,
          0,
          -0.23279841,
          0.6404176,
          0.7318949,
          0,
          -0.5515947,
          1.0305486,
          2.0126905,
          1
        ]
      },
      {
        "date" : 753114614.78743,
        "title" : "Untitled",
        "transform" : [
          0.9273903,
          6.962531e-06,
          0.37409553,
          0,
          0.23957235,
          0.7680268,
          -0.5939191,
          0,
          -0.2873194,
          0.6404176,
          0.71225893,
          0,
          -0.23472619,
          0.2136237,
          0.42154422,
          1
        ]
      },
      {
        "date" : 753114601.918664,
        "title" : "Untitled",
        "transform" : [
          0.9273903,
          6.962531e-06,
          0.37409553,
          0,
          0.23957235,
          0.7680268,
          -0.5939191,
          0,
          -0.2873194,
          0.6404176,
          0.71225893,
          0,
          -0.20247854,
          0.29477048,
          0.25492463,
          1
        ]
      },
      {
        "date" : 753114600.451382,
        "title" : "Untitled",
        "transform" : [
          0.92682445,
          6.9609673e-06,
          0.37549514,
          0,
          0.21350996,
          0.8225979,
          -0.5270163,
          0,
          -0.30888507,
          0.5686234,
          0.76240236,
          0,
          -0.20762056,
          0.2734022,
          0.26669103,
          1
        ]
      },
      {
        "date" : 753114598.476285,
        "title" : "Untitled",
        "transform" : [
          0.84131175,
          6.9579423e-06,
          0.54055035,
          0,
          0.38439173,
          0.7030711,
          -0.5982759,
          0,
          -0.3800494,
          0.7111195,
          0.5914993,
          0,
          -0.23588893,
          0.31615704,
          0.22876222,
          1
        ]
      },
      {
        "date" : 753114596.863292,
        "title" : "Untitled",
        "transform" : [
          0.8396886,
          6.9572566e-06,
          0.54306823,
          0,
          0.27094913,
          0.86664104,
          -0.41895097,
          0,
          -0.47064805,
          0.49893212,
          0.7277067,
          0,
          -0.25733885,
          0.2529332,
          0.2607449,
          1
        ]
      },
      {
        "date" : 753114567.450167,
        "title" : "Untitled",
        "transform" : [
          0.8396886,
          6.9572566e-06,
          0.54306823,
          0,
          0.27094913,
          0.86664104,
          -0.41895097,
          0,
          -0.47064805,
          0.49893212,
          0.7277067,
          0,
          -0.28583217,
          0.23642233,
          0.32903093,
          1
        ]
      },
      {
        "date" : 753114562.304595,
        "title" : "Untitled",
        "transform" : [
          0.8396886,
          6.9572566e-06,
          0.54306823,
          0,
          0.27094913,
          0.86664104,
          -0.41895097,
          0,
          -0.47064805,
          0.49893212,
          0.7277067,
          0,
          -0.24701957,
          0.23290461,
          0.2030479,
          1
        ]
      },
      {
        "date" : 753114540.381515,
        "title" : "Untitled",
        "transform" : [
          0.83968866,
          6.901393e-06,
          0.54306805,
          0,
          0.23746318,
          0.8993294,
          -0.36717546,
          0,
          -0.48839974,
          0.437272,
          0.75515485,
          0,
          -0.22885846,
          0.19738568,
          0.26464933,
          1
        ]
      }
    ]
  },
  "sceneViewportBackgroundColors" : {

  },
  "selectedSceneRelativePath" : "Scene.usda"
}