{
  "advancedEditorSelectedIdentifier" : "ProjectBrowser",
  "openSceneRelativePaths" : [
    "Scene.usda"
  ],
  "recentIdentifiers" : {
    "D66134B1-3681-4A8E-AFE5-29F257229F3B" : [

    ]
  },
  "sceneCameraHistory" : {
    "D66134B1-3681-4A8E-AFE5-29F257229F3B" : [
      {
        "date" : 752897332.928601,
        "title" : "Untitled",
        "transform" : [
          0.16134408,
          5.7574326e-08,
          -0.9868982,
          0,
          0.169632,
          0.9851172,
          0.027732506,
          0,
          0.97221035,
          -0.17188397,
          0.1589428,
          0,
          62.65988,
          13.594285,
          6.5528536,
          1
        ]
      },
      {
        "date" : 752897220.747352,
        "title" : "Untitled",
        "transform" : [
          0.16134408,
          5.7574326e-08,
          -0.9868982,
          0,
          0.169632,
          0.9851172,
          0.027732506,
          0,
          0.97221035,
          -0.17188397,
          0.1589428,
          0,
          61.019463,
          8.783147,
          11.384006,
          1
        ]
      },
      {
        "date" : 752897215.361909,
        "title" : "Untitled",
        "transform" : [
          0.89397675,
          5.5202165e-08,
          -0.4481133,
          0,
          -0.08931029,
          0.979938,
          -0.1781721,
          0,
          0.43912318,
          0.19930284,
          0.8760417,
          0,
          27.705404,
          29.550562,
          48.939247,
          1
        ]
      },
      {
        "date" : 752897211.828269,
        "title" : "Untitled",
        "transform" : [
          0.89397675,
          5.5202165e-08,
          -0.4481133,
          0,
          -0.08931029,
          0.979938,
          -0.1781721,
          0,
          0.43912318,
          0.19930284,
          0.8760417,
          0,
          20.215527,
          20.654617,
          35.358097,
          1
        ]
      },
      {
        "date" : 752897209.87807,
        "title" : "Untitled",
        "transform" : [
          0.89397675,
          5.5202165e-08,
          -0.4481133,
          0,
          -0.08931029,
          0.979938,
          -0.1781721,
          0,
          0.43912318,
          0.19930284,
          0.8760417,
          0,
          38.511597,
          42.38539,
          68.53377,
          1
        ]
      },
      {
        "date" : 752897208.773776,
        "title" : "Untitled",
        "transform" : [
          0.89397675,
          5.5202165e-08,
          -0.4481133,
          0,
          -0.08931029,
          0.979938,
          -0.1781721,
          0,
          0.43912318,
          0.19930284,
          0.8760417,
          0,
          32.491837,
          45.92203,
          70.74662,
          1
        ]
      },
      {
        "date" : 752896471.204367,
        "title" : "Untitled",
        "transform" : [
          0.89397675,
          5.5202165e-08,
          -0.4481133,
          0,
          -0.08931029,
          0.979938,
          -0.1781721,
          0,
          0.43912318,
          0.19930284,
          0.8760417,
          0,
          2.9174736,
          0.11924602,
          4.1460586,
          1
        ]
      },
      {
        "date" : 752896469.679676,
        "title" : "Untitled",
        "transform" : [
          0.89397675,
          5.5202165e-08,
          -0.4481133,
          0,
          -0.08931029,
          0.979938,
          -0.1781721,
          0,
          0.43912318,
          0.19930284,
          0.8760417,
          0,
          2.928881,
          0.136654,
          4.13638,
          1
        ]
      },
      {
        "date" : 752896433.670682,
        "title" : "Untitled",
        "transform" : [
          0.89397675,
          5.5202165e-08,
          -0.4481133,
          0,
          -0.08931029,
          0.979938,
          -0.1781721,
          0,
          0.43912318,
          0.19930284,
          0.8760417,
          0,
          2.9765882,
          0.17656298,
          4.212281,
          1
        ]
      },
      {
        "date" : 752896416.011747,
        "title" : "Untitled",
        "transform" : [
          0.89397675,
          5.5202165e-08,
          -0.4481133,
          0,
          -0.08931029,
          0.979938,
          -0.1781721,
          0,
          0.43912318,
          0.19930284,
          0.8760417,
          0,
          3.485979,
          0.10365796,
          4.6273274,
          1
        ]
      }
    ]
  },
  "sceneViewportBackgroundColors" : {

  },
  "selectedSceneRelativePath" : "Scene.usda"
}