{
  "advancedEditorSelectedIdentifier" : "BehaviorsPluginID",
  "openSceneRelativePaths" : [
    "Scene.usda"
  ],
  "recentIdentifiers" : {
    "D66134B1-3681-4A8E-AFE5-29F257229F3B" : [

    ]
  },
  "sceneCameraHistory" : {
    "D66134B1-3681-4A8E-AFE5-29F257229F3B" : [
      {
        "date" : 753017767.435162,
        "title" : "Untitled",
        "transform" : [
          0.95826566,
          -2.6088221e-06,
          -0.28587902,
          0,
          -0.1254213,
          0.8986192,
          -0.42042008,
          0,
          0.25689775,
          0.43872944,
          0.86111563,
          0,
          0.2945382,
          0.34236273,
          0.9552759,
          1
        ]
      },
      {
        "date" : 753017729.488802,
        "title" : "Untitled",
        "transform" : [
          0.95826566,
          -2.6088221e-06,
          -0.28587902,
          0,
          -0.1254213,
          0.8986192,
          -0.42042008,
          0,
          0.25689775,
          0.43872944,
          0.86111563,
          0,
          0.32260013,
          0.39028683,
          1.0493388,
          1
        ]
      },
      {
        "date" : 753017726.701997,
        "title" : "Untitled",
        "transform" : [
          0.9975033,
          -2.5922964e-06,
          -0.07061935,
          0,
          0.007924489,
          0.99368817,
          0.11189725,
          0,
          0.070173614,
          -0.11217758,
          0.9912073,
          0,
          0.08500377,
          -0.24382192,
          1.204839,
          1
        ]
      },
      {
        "date" : 753017722.243102,
        "title" : "Untitled",
        "transform" : [
          0.9927352,
          -2.5955649e-06,
          -0.120319635,
          0,
          -0.053474437,
          0.8958008,
          -0.4412272,
          0,
          0.107783854,
          0.44445574,
          0.88929284,
          0,
          0.14260182,
          0.38806674,
          1.0785866,
          1
        ]
      },
      {
        "date" : 753017710.750709,
        "title" : "Untitled",
        "transform" : [
          0.9927352,
          -2.5955649e-06,
          -0.120319635,
          0,
          -0.053474437,
          0.8958008,
          -0.4412272,
          0,
          0.107783854,
          0.44445574,
          0.88929284,
          0,
          0.12876694,
          0.3310174,
          0.9644389,
          1
        ]
      },
      {
        "date" : 753017703.509387,
        "title" : "Untitled",
        "transform" : [
          0.9927352,
          -2.5955649e-06,
          -0.120319635,
          0,
          -0.053474437,
          0.8958008,
          -0.4412272,
          0,
          0.107783854,
          0.44445574,
          0.88929284,
          0,
          0.061191246,
          0.35888323,
          0.21808559,
          1
        ]
      },
      {
        "date" : 753017663.221944,
        "title" : "Untitled",
        "transform" : [
          0.9927352,
          -2.5955649e-06,
          -0.120319635,
          0,
          -0.05347443,
          0.8958007,
          -0.44122714,
          0,
          0.107783854,
          0.44445574,
          0.88929284,
          0,
          0.17143714,
          0.29209572,
          0.8271291,
          1
        ]
      },
      {
        "date" : 753017648.088268,
        "title" : "Untitled",
        "transform" : [
          0.99586165,
          -2.5958625e-06,
          -0.0908823,
          0,
          -0.025044376,
          0.96127325,
          -0.27445653,
          0,
          0.08736373,
          0.2755968,
          0.9572951,
          0,
          0.15387118,
          0.16857375,
          0.7998017,
          1
        ]
      },
      {
        "date" : 753017645.959793,
        "title" : "Untitled",
        "transform" : [
          0.99586165,
          -2.5958625e-06,
          -0.0908823,
          0,
          -0.025044376,
          0.96127325,
          -0.27445653,
          0,
          0.08736373,
          0.2755968,
          0.9572951,
          0,
          0.16991824,
          0.2191957,
          0.97563875,
          1
        ]
      },
      {
        "date" : 753017644.450415,
        "title" : "Untitled",
        "transform" : [
          0.9994423,
          -2.5957181e-06,
          0.03339467,
          0,
          0.008004304,
          0.97086865,
          -0.23947859,
          0,
          -0.032420933,
          0.23961228,
          0.9703272,
          0,
          0.08808985,
          0.19459322,
          0.9869067,
          1
        ]
      }
    ]
  },
  "sceneViewportBackgroundColors" : {

  },
  "selectedSceneRelativePath" : "Scene.usda"
}