{
  "advancedEditorSelectedIdentifier" : "BehaviorsPluginID",
  "openSceneRelativePaths" : [
    "Scene.usda"
  ],
  "recentIdentifiers" : {
    "D66134B1-3681-4A8E-AFE5-29F257229F3B" : [

    ]
  },
  "sceneCameraHistory" : {
    "D66134B1-3681-4A8E-AFE5-29F257229F3B" : [
      {
        "date" : 753269695.913253,
        "title" : "Untitled",
        "transform" : [
          0.9991291,
          -2.588751e-06,
          0.04172543,
          0,
          0.020439336,
          0.87183404,
          -0.4893746,
          0,
          -0.03637616,
          0.48980123,
          0.87107486,
          0,
          0.0145135205,
          0.011343268,
          0.65626526,
          1
        ]
      },
      {
        "date" : 753269656.353627,
        "title" : "Untitled",
        "transform" : [
          0.9991291,
          -2.588751e-06,
          0.04172543,
          0,
          0.020439336,
          0.87183404,
          -0.4893746,
          0,
          -0.03637616,
          0.48980123,
          0.87107486,
          0,
          0.020285271,
          0.08769646,
          0.79949826,
          1
        ]
      },
      {
        "date" : 753269637.706653,
        "title" : "Untitled",
        "transform" : [
          0.98945206,
          -2.5887489e-06,
          0.14486043,
          0,
          0.03880761,
          0.9634522,
          -0.26505417,
          0,
          -0.1395652,
          0.26788005,
          0.9532899,
          0,
          -0.04749027,
          -0.051914796,
          0.8816904,
          1
        ]
      },
      {
        "date" : 753269564.981408,
        "title" : "Untitled",
        "transform" : [
          0.9894522,
          -2.588749e-06,
          0.14486045,
          0,
          0.03880761,
          0.9634522,
          -0.26505417,
          0,
          -0.1395652,
          0.26788005,
          0.9532899,
          0,
          -0.029691815,
          -0.13749939,
          0.6939979,
          1
        ]
      },
      {
        "date" : 753269531.034151,
        "title" : "Untitled",
        "transform" : [
          0.91204745,
          -2.5788802e-06,
          0.41008466,
          0,
          0.2727399,
          0.7467741,
          -0.6065817,
          0,
          -0.30623886,
          0.66507775,
          0.6810942,
          0,
          -0.17219318,
          0.14885075,
          0.574319,
          1
        ]
      },
      {
        "date" : 753269527.758125,
        "title" : "Untitled",
        "transform" : [
          0.91204745,
          -2.5788802e-06,
          0.41008466,
          0,
          0.2727399,
          0.7467741,
          -0.6065817,
          0,
          -0.30623886,
          0.66507775,
          0.6810942,
          0,
          -0.14771295,
          0.08441007,
          0.53285444,
          1
        ]
      },
      {
        "date" : 753269519.113644,
        "title" : "Untitled",
        "transform" : [
          0.68424755,
          -2.587731e-06,
          0.7292497,
          0,
          0.24503396,
          0.9418598,
          -0.22990958,
          0,
          -0.6868503,
          0.33600605,
          0.6444661,
          0,
          -0.20504516,
          0.06335537,
          0.50031614,
          1
        ]
      },
      {
        "date" : 753269496.664701,
        "title" : "Untitled",
        "transform" : [
          0.68424755,
          -2.587731e-06,
          0.7292497,
          0,
          0.24503396,
          0.9418598,
          -0.22990958,
          0,
          -0.6868503,
          0.33600605,
          0.6444661,
          0,
          -0.112567104,
          -0.10649952,
          0.39914757,
          1
        ]
      },
      {
        "date" : 753269481.318981,
        "title" : "Untitled",
        "transform" : [
          0.68424755,
          -2.587731e-06,
          0.7292497,
          0,
          0.24503396,
          0.9418598,
          -0.22990958,
          0,
          -0.6868503,
          0.33600605,
          0.6444661,
          0,
          -0.056589484,
          -0.13756151,
          0.31021023,
          1
        ]
      },
      {
        "date" : 753269465.330746,
        "title" : "Untitled",
        "transform" : [
          0.68424755,
          -2.587731e-06,
          0.7292497,
          0,
          0.24503396,
          0.9418598,
          -0.22990958,
          0,
          -0.6868503,
          0.33600605,
          0.6444661,
          0,
          -0.09720607,
          -0.09156059,
          0.38860857,
          1
        ]
      }
    ]
  },
  "sceneViewportBackgroundColors" : {

  },
  "selectedSceneRelativePath" : "Scene.usda"
}