{
  "advancedEditorSelectedIdentifier" : "BehaviorsPluginID",
  "openSceneRelativePaths" : [
    "Scene.usda"
  ],
  "recentIdentifiers" : {
    "D66134B1-3681-4A8E-AFE5-29F257229F3B" : [

    ]
  },
  "sceneCameraHistory" : {
    "D66134B1-3681-4A8E-AFE5-29F257229F3B" : [
      {
        "date" : 752765490.850005,
        "title" : "Untitled",
        "transform" : [
          0.952142,
          -9.2123986e-07,
          0.3056562,
          0,
          0.112178296,
          0.93021894,
          -0.3494407,
          0,
          -0.2843271,
          0.36700496,
          0.8857005,
          0,
          -0.013710916,
          0.28459114,
          0.6959847,
          1
        ]
      },
      {
        "date" : 752765488.647146,
        "title" : "Untitled",
        "transform" : [
          0.7011926,
          -9.204921e-07,
          0.71297187,
          0,
          0.3081187,
          0.9017969,
          -0.30302685,
          0,
          -0.6429558,
          0.43216002,
          0.63233346,
          0,
          -0.27266234,
          0.3348233,
          0.47218135,
          1
        ]
      },
      {
        "date" : 752765415.797957,
        "title" : "Untitled",
        "transform" : [
          0.7011926,
          -9.204921e-07,
          0.71297187,
          0,
          0.3081187,
          0.9017969,
          -0.30302685,
          0,
          -0.6429558,
          0.43216002,
          0.63233346,
          0,
          0.017542653,
          0.22676778,
          0.25057983,
          1
        ]
      },
      {
        "date" : 752765404.35214,
        "title" : "Untitled",
        "transform" : [
          0.7011926,
          -9.204921e-07,
          0.71297187,
          0,
          0.3081187,
          0.9017969,
          -0.30302685,
          0,
          -0.6429558,
          0.43216002,
          0.63233346,
          0,
          -0.02773612,
          0.26105163,
          0.37428933,
          1
        ]
      },
      {
        "date" : 752765401.05865,
        "title" : "Untitled",
        "transform" : [
          0.7011926,
          -9.204921e-07,
          0.71297187,
          0,
          0.3081187,
          0.9017969,
          -0.30302685,
          0,
          -0.6429558,
          0.43216002,
          0.63233346,
          0,
          -0.07734277,
          0.29861242,
          0.5098233,
          1
        ]
      },
      {
        "date" : 752765381.962638,
        "title" : "Untitled",
        "transform" : [
          0.7011926,
          -9.204921e-07,
          0.71297187,
          0,
          0.3081187,
          0.9017969,
          -0.30302685,
          0,
          -0.6429558,
          0.43216002,
          0.63233346,
          0,
          -0.16223857,
          0.36289313,
          0.7417733,
          1
        ]
      },
      {
        "date" : 752765378.296021,
        "title" : "Untitled",
        "transform" : [
          0.22004443,
          -9.190438e-07,
          0.97548985,
          0,
          0.37838623,
          0.92170423,
          -0.085352905,
          0,
          -0.8991131,
          0.38789323,
          0.2028161,
          0,
          -0.5250664,
          0.33851358,
          0.38372183,
          1
        ]
      },
      {
        "date" : 752765365.061323,
        "title" : "Untitled",
        "transform" : [
          0.22004443,
          -9.190438e-07,
          0.97548985,
          0,
          0.37838623,
          0.92170423,
          -0.085352905,
          0,
          -0.8991131,
          0.38789323,
          0.2028161,
          0,
          -0.575472,
          0.2719966,
          0.28748286,
          1
        ]
      },
      {
        "date" : 752765334.152925,
        "title" : "Untitled",
        "transform" : [
          0.18690602,
          -9.189206e-07,
          0.9823778,
          0,
          0.3512148,
          0.9339075,
          -0.06682077,
          0,
          -0.9174499,
          0.35751465,
          0.17455307,
          0,
          -0.58638257,
          0.24877933,
          0.26523733,
          1
        ]
      },
      {
        "date" : 752765330.078505,
        "title" : "Untitled",
        "transform" : [
          0.25511333,
          -9.184877e-07,
          0.9669112,
          0,
          0.37029478,
          0.92376226,
          -0.09769897,
          0,
          -0.893196,
          0.38296628,
          0.23566423,
          0,
          -0.56665933,
          0.26821697,
          0.31163636,
          1
        ]
      }
    ]
  },
  "sceneViewportBackgroundColors" : {

  },
  "selectedSceneRelativePath" : "Scene.usda"
}