{
  "advancedEditorSelectedIdentifier" : "BehaviorsPluginID",
  "openSceneRelativePaths" : [
    "Scene.usda"
  ],
  "recentIdentifiers" : {
    "D66134B1-3681-4A8E-AFE5-29F257229F3B" : [

    ]
  },
  "sceneCameraHistory" : {
    "D66134B1-3681-4A8E-AFE5-29F257229F3B" : [
      {
        "date" : 770931938.462855,
        "title" : "Untitled",
        "transform" : [
          0.99113816,
          -2.6734012e-06,
          -0.13283542,
          0,
          -0.06514729,
          0.8714675,
          -0.48610744,
          0,
          0.11576303,
          0.49045342,
          0.8637444,
          0,
          0.09620875,
          0.06723521,
          0.7605283,
          1
        ]
      },
      {
        "date" : 770929666.177605,
        "title" : "Untitled",
        "transform" : [
          0.98953545,
          -2.6734012e-06,
          -0.14428994,
          0,
          -0.0707652,
          0.8714675,
          -0.48532143,
          0,
          0.12574527,
          0.49045342,
          0.86234766,
          0,
          0.076319814,
          -0.051340282,
          0.6167944,
          1
        ]
      },
      {
        "date" : 770929422.600684,
        "title" : "Untitled",
        "transform" : [
          0.98953545,
          -2.6734012e-06,
          -0.14428994,
          0,
          -0.0707652,
          0.8714675,
          -0.48532143,
          0,
          0.12574527,
          0.49045342,
          0.86234766,
          0,
          0.15694284,
          -0.077783644,
          0.853283,
          1
        ]
      },
      {
        "date" : 770929419.864013,
        "title" : "Untitled",
        "transform" : [
          0.98953545,
          -2.6734012e-06,
          -0.14428994,
          0,
          -0.0707652,
          0.8714675,
          -0.48532143,
          0,
          0.12574527,
          0.49045342,
          0.86234766,
          0,
          0.11891891,
          -0.12418989,
          0.88522077,
          1
        ]
      },
      {
        "date" : 770929416.864369,
        "title" : "Untitled",
        "transform" : [
          0.98953545,
          -2.6734012e-06,
          -0.14428994,
          0,
          -0.0707652,
          0.8714675,
          -0.48532143,
          0,
          0.12574527,
          0.49045342,
          0.86234766,
          0,
          0.1615995,
          0.11234383,
          1.1379049,
          1
        ]
      },
      {
        "date" : 770928145.690434,
        "title" : "Untitled",
        "transform" : [
          0.98953545,
          -2.6734012e-06,
          -0.14428994,
          0,
          -0.07076519,
          0.87146735,
          -0.48532137,
          0,
          0.12574527,
          0.49045342,
          0.86234766,
          0,
          0.19765116,
          0.31214043,
          1.3513434,
          1
        ]
      },
      {
        "date" : 770928133.081745,
        "title" : "Untitled",
        "transform" : [
          0.9850081,
          -2.6734012e-06,
          -0.1725078,
          0,
          -0.08460475,
          0.87146735,
          -0.483101,
          0,
          0.1503362,
          0.49045342,
          0.8584022,
          0,
          0.18941528,
          0.13231803,
          1.1547965,
          1
        ]
      },
      {
        "date" : 770928129.211636,
        "title" : "Untitled",
        "transform" : [
          0.9850081,
          -2.6734012e-06,
          -0.1725078,
          0,
          -0.08460475,
          0.87146735,
          -0.483101,
          0,
          0.1503362,
          0.49045342,
          0.8584022,
          0,
          0.17983398,
          0.101060286,
          1.1000885,
          1
        ]
      },
      {
        "date" : 770928127.277692,
        "title" : "Untitled",
        "transform" : [
          0.9850081,
          -2.6734012e-06,
          -0.1725078,
          0,
          -0.08460475,
          0.87146735,
          -0.483101,
          0,
          0.1503362,
          0.49045342,
          0.8584022,
          0,
          0.18223915,
          0.061230898,
          1.122424,
          1
        ]
      },
      {
        "date" : 770926823.049976,
        "title" : "Untitled",
        "transform" : [
          0.9850081,
          -2.6734012e-06,
          -0.1725078,
          0,
          -0.08460475,
          0.87146735,
          -0.483101,
          0,
          0.1503362,
          0.49045342,
          0.8584022,
          0,
          0.28676325,
          0.099697635,
          1.0821398,
          1
        ]
      }
    ]
  },
  "sceneViewportBackgroundColors" : {

  },
  "selectedSceneRelativePath" : "Scene.usda"
}