{
  "advancedEditorSelectedIdentifier" : "BehaviorsPluginID",
  "openSceneRelativePaths" : [
    "Scene.usda"
  ],
  "recentIdentifiers" : {
    "D66134B1-3681-4A8E-AFE5-29F257229F3B" : [

    ]
  },
  "sceneCameraHistory" : {
    "D66134B1-3681-4A8E-AFE5-29F257229F3B" : [
      {
        "date" : 753195204.365382,
        "title" : "Untitled",
        "transform" : [
          0.97034657,
          7.0966403e-06,
          0.24171796,
          0,
          0.022809999,
          0.9955349,
          -0.091597006,
          0,
          -0.24063921,
          0.09439452,
          0.96601367,
          0,
          -0.05344686,
          0.001721466,
          0.6217156,
          1
        ]
      },
      {
        "date" : 753195181.507016,
        "title" : "Untitled",
        "transform" : [
          0.99808574,
          7.107029e-06,
          0.06184633,
          0,
          0.034892187,
          0.82559043,
          -0.56319004,
          0,
          -0.051063616,
          0.5642699,
          0.8240097,
          0,
          -0.13025457,
          0.030026697,
          0.4391916,
          1
        ]
      },
      {
        "date" : 753195168.89478,
        "title" : "Untitled",
        "transform" : [
          0.451931,
          7.0909778e-06,
          0.8920529,
          0,
          0.6847889,
          0.64086056,
          -0.34693217,
          0,
          -0.57168394,
          0.76765734,
          0.28961998,
          0,
          -0.24841799,
          0.07560725,
          0.33273518,
          1
        ]
      },
      {
        "date" : 753195160.598521,
        "title" : "Untitled",
        "transform" : [
          0.75240016,
          7.067782e-06,
          0.6587063,
          0,
          -0.14857014,
          0.97423375,
          0.16969225,
          0,
          -0.6417328,
          -0.22554067,
          0.73301464,
          0,
          -0.2725239,
          -0.07489708,
          0.31454444,
          1
        ]
      },
      {
        "date" : 753195158.739191,
        "title" : "Untitled",
        "transform" : [
          0.7574279,
          7.0683755e-06,
          0.652919,
          0,
          0.04069472,
          0.9980552,
          -0.047219202,
          0,
          -0.6516495,
          0.062335394,
          0.7559545,
          0,
          -0.27885714,
          -0.0072738724,
          0.32454187,
          1
        ]
      },
      {
        "date" : 753195149.844697,
        "title" : "Untitled",
        "transform" : [
          0.75996333,
          7.07545e-06,
          0.64996606,
          0,
          -0.022579484,
          0.9993966,
          0.02638994,
          0,
          -0.6495737,
          -0.03473139,
          0.759505,
          0,
          -0.27637804,
          -0.03031122,
          0.32307103,
          1
        ]
      },
      {
        "date" : 753195139.432239,
        "title" : "Untitled",
        "transform" : [
          0.81350654,
          7.065474e-06,
          0.58155584,
          0,
          0.27616343,
          0.88005126,
          -0.38632047,
          0,
          -0.5118017,
          0.47487867,
          0.7159256,
          0,
          -0.24292397,
          0.093464315,
          0.3124971,
          1
        ]
      },
      {
        "date" : 753195130.106027,
        "title" : "Untitled",
        "transform" : [
          0.7255828,
          7.053293e-06,
          0.6881349,
          0,
          0.29906794,
          0.9006172,
          -0.31535223,
          0,
          -0.61974835,
          0.43461323,
          0.6534702,
          0,
          -0.31811512,
          0.15170152,
          0.54187185,
          1
        ]
      },
      {
        "date" : 753195100.945144,
        "title" : "Untitled",
        "transform" : [
          0.63261706,
          7.0534816e-06,
          0.7744648,
          0,
          0.322102,
          0.9094067,
          -0.26311544,
          0,
          -0.70430535,
          0.41590795,
          0.5753039,
          0,
          -0.3898732,
          0.14143407,
          0.5225009,
          1
        ]
      },
      {
        "date" : 753195083.144508,
        "title" : "Untitled",
        "transform" : [
          0.24807021,
          7.0448673e-06,
          0.9687421,
          0,
          0.40216637,
          0.9097554,
          -0.102991186,
          0,
          -0.88131917,
          0.4151445,
          0.22568032,
          0,
          -0.32339293,
          0.09905623,
          0.08607826,
          1
        ]
      }
    ]
  },
  "sceneViewportBackgroundColors" : {

  },
  "selectedSceneRelativePath" : "Scene.usda"
}