{
  "advancedEditorSelectedIdentifier" : "ProjectBrowser",
  "openSceneRelativePaths" : [
    "Scene.usda"
  ],
  "recentIdentifiers" : {
    "D66134B1-3681-4A8E-AFE5-29F257229F3B" : [

    ]
  },
  "sceneCameraHistory" : {
    "1D572CEB-057A-41C3-B575-04C37501A3C0" : [
      {
        "date" : 752675817.220755,
        "title" : "Untitled",
        "transform" : [
          1,
          0,
          0,
          0,
          0,
          0.7071069,
          -0.70710677,
          0,
          0,
          0.70710677,
          0.7071069,
          0,
          -1.367846,
          6.8775706,
          14.529143,
          1
        ]
      },
      {
        "date" : 752675815.169884,
        "title" : "Untitled",
        "transform" : [
          1,
          0,
          0,
          0,
          0,
          0.7071069,
          -0.70710677,
          0,
          0,
          0.70710677,
          0.7071069,
          0,
          -1.8634806,
          11.672176,
          18.33266,
          1
        ]
      },
      {
        "date" : 752675805.871633,
        "title" : "Untitled",
        "transform" : [
          1,
          0,
          0,
          0,
          0,
          0.7071069,
          -0.70710677,
          0,
          0,
          0.70710677,
          0.7071069,
          0,
          -0.48301882,
          16.327164,
          12.942769,
          1
        ]
      },
      {
        "date" : 752675765.097579,
        "title" : "Untitled",
        "transform" : [
          1,
          0,
          0,
          0,
          0,
          0.7071069,
          -0.70710677,
          0,
          0,
          0.70710677,
          0.7071069,
          0,
          -0.4830187,
          2.9735544,
          -0.41084313,
          1
        ]
      }
    ],
    "9C3CB65C-D663-4B8F-A651-1229355D18AC" : [
      {
        "date" : 752720776.765891,
        "title" : "Untitled",
        "transform" : [
          -0.24432804,
          -2.3552534e-08,
          -0.96969265,
          0,
          -0.24043599,
          0.9687727,
          0.06058128,
          0,
          0.9394117,
          0.2479508,
          -0.2366983,
          0,
          1.3022454,
          0.26452237,
          -0.051226467,
          1
        ]
      },
      {
        "date" : 752720698.692484,
        "title" : "Untitled",
        "transform" : [
          -0.24432804,
          -2.3552534e-08,
          -0.96969265,
          0,
          -0.24043599,
          0.9687727,
          0.06058128,
          0,
          0.9394117,
          0.2479508,
          -0.2366983,
          0,
          1.1680877,
          0.6010174,
          -0.23118302,
          1
        ]
      },
      {
        "date" : 752720696.300839,
        "title" : "Untitled",
        "transform" : [
          -0.24432804,
          -2.3552534e-08,
          -0.96969265,
          0,
          -0.24043599,
          0.9687727,
          0.06058128,
          0,
          0.9394117,
          0.2479508,
          -0.2366983,
          0,
          0.8401814,
          0.28649825,
          -0.101459585,
          1
        ]
      },
      {
        "date" : 752720690.405068,
        "title" : "Untitled",
        "transform" : [
          -0.25431582,
          -2.5535037e-08,
          -0.96712124,
          0,
          -0.09723258,
          0.99493325,
          0.02556841,
          0,
          0.96222097,
          0.10053825,
          -0.25302723,
          0,
          0.6907519,
          0.092396826,
          -0.05112265,
          1
        ]
      },
      {
        "date" : 752720687.492488,
        "title" : "Untitled",
        "transform" : [
          0.24065882,
          -2.2616993e-08,
          -0.9706098,
          0,
          -0.45101354,
          0.8854838,
          -0.111827016,
          0,
          0.8594591,
          0.46467036,
          0.21309946,
          0,
          0.36312205,
          0.20118077,
          0.09545177,
          1
        ]
      },
      {
        "date" : 752720618.742523,
        "title" : "Untitled",
        "transform" : [
          0.24065882,
          -2.2616993e-08,
          -0.9706098,
          0,
          -0.45101354,
          0.8854838,
          -0.111827016,
          0,
          0.8594591,
          0.46467036,
          0.21309946,
          0,
          0.33030695,
          0.14066121,
          0.05543594,
          1
        ]
      },
      {
        "date" : 752720615.247997,
        "title" : "Untitled",
        "transform" : [
          0.24065882,
          -2.2616993e-08,
          -0.9706098,
          0,
          -0.45101354,
          0.8854838,
          -0.111827016,
          0,
          0.8594591,
          0.46467036,
          0.21309946,
          0,
          0.45426887,
          0.25737953,
          0.21336529,
          1
        ]
      },
      {
        "date" : 752720613.205404,
        "title" : "Untitled",
        "transform" : [
          0.32678634,
          -2.249167e-08,
          -0.9450983,
          0,
          -0.45741457,
          0.87507564,
          -0.1581601,
          0,
          0.82703227,
          0.48398626,
          0.2859627,
          0,
          0.4301874,
          0.26585323,
          0.24241006,
          1
        ]
      },
      {
        "date" : 752720605.555375,
        "title" : "Untitled",
        "transform" : [
          0.35967937,
          -2.5720581e-08,
          -0.933076,
          0,
          -0.36449862,
          0.9205428,
          -0.14050587,
          0,
          0.8589362,
          0.39064196,
          0.3311002,
          0,
          0.46723744,
          0.21146442,
          0.27545756,
          1
        ]
      },
      {
        "date" : 752720602.091606,
        "title" : "Untitled",
        "transform" : [
          0.35967937,
          -2.5720581e-08,
          -0.933076,
          0,
          -0.36449862,
          0.9205428,
          -0.14050587,
          0,
          0.8589362,
          0.39064196,
          0.3311002,
          0,
          0.3399354,
          0.036192246,
          0.10285274,
          1
        ]
      }
    ],
    "D66134B1-3681-4A8E-AFE5-29F257229F3B" : [
      {
        "date" : 752761770.669956,
        "title" : "Untitled",
        "transform" : [
          1,
          0,
          0,
          0,
          0,
          1,
          0,
          0,
          0,
          0,
          1,
          0,
          0.09830776,
          0.28863886,
          1.2383777,
          1
        ]
      },
      {
        "date" : 752761150.136418,
        "title" : "Untitled",
        "transform" : [
          1,
          0,
          0,
          0,
          0,
          1,
          0,
          0,
          0,
          0,
          1,
          0,
          0.14437765,
          0.4239035,
          1.8187177,
          1
        ]
      },
      {
        "date" : 752761142.596794,
        "title" : "Untitled",
        "transform" : [
          1,
          0,
          0,
          0,
          0,
          1,
          0,
          0,
          0,
          0,
          1,
          0,
          46.936802,
          -6.933876,
          2,
          1
        ]
      },
      {
        "date" : 752761138.952148,
        "title" : "Untitled",
        "transform" : [
          1,
          0,
          0,
          0,
          0,
          1,
          0,
          0,
          0,
          0,
          1,
          0,
          -6.1596355,
          126.299286,
          1.3349609,
          1
        ]
      },
      {
        "date" : 752761129.499107,
        "title" : "Untitled",
        "transform" : [
          0.9999967,
          0,
          0.0025482157,
          0,
          0,
          1,
          0,
          0,
          -0.0025482157,
          0,
          0.9999967,
          0,
          36.40527,
          100.448074,
          1.4989014,
          1
        ]
      },
      {
        "date" : 752761072.800505,
        "title" : "Untitled",
        "transform" : [
          0.9999967,
          0,
          0.0025482157,
          0,
          0,
          1,
          0,
          0,
          -0.0025482157,
          0,
          0.9999967,
          0,
          0.1141929,
          0.062816784,
          1.4065325,
          1
        ]
      },
      {
        "date" : 752760737.180298,
        "title" : "Untitled",
        "transform" : [
          0.9999967,
          0,
          0.0025482157,
          0,
          0,
          1,
          0,
          0,
          -0.0025482157,
          0,
          0.9999967,
          0,
          0.13005683,
          0.19900727,
          1.0266571,
          1
        ]
      },
      {
        "date" : 752760732.979834,
        "title" : "Untitled",
        "transform" : [
          0.9999967,
          0,
          0.0025482157,
          0,
          0,
          1,
          0,
          0,
          -0.0025482157,
          0,
          0.9999967,
          0,
          0.14736935,
          0.122374564,
          1.3260075,
          1
        ]
      },
      {
        "date" : 752760500.354901,
        "title" : "Untitled",
        "transform" : [
          0.9999618,
          0,
          -0.008743174,
          0,
          0,
          1,
          0,
          0,
          0.008743174,
          0,
          0.9999618,
          0,
          0.1416928,
          0.19958818,
          1.0236409,
          1
        ]
      },
      {
        "date" : 752760470.800297,
        "title" : "Untitled",
        "transform" : [
          0.9999618,
          0,
          -0.008743174,
          0,
          0,
          1,
          0,
          0,
          0.008743174,
          0,
          0.9999618,
          0,
          0.12485734,
          0.17854375,
          1.0237881,
          1
        ]
      }
    ]
  },
  "sceneViewportBackgroundColors" : {

  },
  "selectedSceneRelativePath" : "Scene.usda"
}