{
  "advancedEditorSelectedIdentifier" : "ProjectBrowser",
  "openSceneRelativePaths" : [
    "Scene.usda",
    "SceneFina;.usda",
    "SceneFina.usda",
    "SceneFinal.usda"
  ],
  "recentIdentifiers" : {
    "D66134B1-3681-4A8E-AFE5-29F257229F3B" : [

    ]
  },
  "sceneCameraHistory" : {
    "1D572CEB-057A-41C3-B575-04C37501A3C0" : [
      {
        "date" : 752675817.220755,
        "title" : "Untitled",
        "transform" : [
          1,
          0,
          0,
          0,
          0,
          0.7071069,
          -0.70710677,
          0,
          0,
          0.70710677,
          0.7071069,
          0,
          -1.367846,
          6.8775706,
          14.529143,
          1
        ]
      },
      {
        "date" : 752675815.169884,
        "title" : "Untitled",
        "transform" : [
          1,
          0,
          0,
          0,
          0,
          0.7071069,
          -0.70710677,
          0,
          0,
          0.70710677,
          0.7071069,
          0,
          -1.8634806,
          11.672176,
          18.33266,
          1
        ]
      },
      {
        "date" : 752675805.871633,
        "title" : "Untitled",
        "transform" : [
          1,
          0,
          0,
          0,
          0,
          0.7071069,
          -0.70710677,
          0,
          0,
          0.70710677,
          0.7071069,
          0,
          -0.48301882,
          16.327164,
          12.942769,
          1
        ]
      },
      {
        "date" : 752675765.097579,
        "title" : "Untitled",
        "transform" : [
          1,
          0,
          0,
          0,
          0,
          0.7071069,
          -0.70710677,
          0,
          0,
          0.70710677,
          0.7071069,
          0,
          -0.4830187,
          2.9735544,
          -0.41084313,
          1
        ]
      }
    ],
    "9C3CB65C-D663-4B8F-A651-1229355D18AC" : [
      {
        "date" : 752699005.087914,
        "title" : "Untitled",
        "transform" : [
          -0.9996872,
          -4.736866e-09,
          0.025010366,
          0,
          0.0013891999,
          0.9984562,
          0.05552735,
          0,
          -0.024971746,
          0.055544756,
          -0.9981439,
          0,
          -0.021911006,
          0.048736654,
          -0.8758024,
          1
        ]
      }
    ],
    "D66134B1-3681-4A8E-AFE5-29F257229F3B" : [
      {
        "date" : 752698895.59103,
        "title" : "Untitled",
        "transform" : [
          -0.98041636,
          9.3445465e-07,
          -0.1969361,
          0,
          0.018581472,
          0.9955393,
          -0.09250026,
          0,
          0.19605757,
          -0.09434816,
          -0.9760429,
          0,
          0.12764566,
          0.010836288,
          -1.0278136,
          1
        ]
      },
      {
        "date" : 752698882.028959,
        "title" : "Untitled",
        "transform" : [
          -0.98041636,
          9.3445465e-07,
          -0.1969361,
          0,
          0.018581472,
          0.9955393,
          -0.09250026,
          0,
          0.19605757,
          -0.09434816,
          -0.9760429,
          0,
          0.06287034,
          0.1489546,
          -0.8638921,
          1
        ]
      },
      {
        "date" : 752698876.769295,
        "title" : "Untitled",
        "transform" : [
          -0.98041636,
          9.3445465e-07,
          -0.1969361,
          0,
          0.018581472,
          0.9955393,
          -0.09250026,
          0,
          0.19605757,
          -0.09434816,
          -0.9760429,
          0,
          0.08866742,
          0.19856209,
          -0.86350554,
          1
        ]
      },
      {
        "date" : 752698871.853056,
        "title" : "Untitled",
        "transform" : [
          -0.98041636,
          9.3445465e-07,
          -0.1969361,
          0,
          0.018581472,
          0.9955393,
          -0.09250026,
          0,
          0.19605757,
          -0.09434816,
          -0.9760429,
          0,
          0.11140165,
          0.23785418,
          -1.1862648,
          1
        ]
      },
      {
        "date" : 752698864.117413,
        "title" : "Untitled",
        "transform" : [
          -0.986745,
          9.3445465e-07,
          -0.16227846,
          0,
          0.015311596,
          0.9955393,
          -0.09309739,
          0,
          0.16155453,
          -0.09434816,
          -0.9823434,
          0,
          0.01876477,
          0.14784558,
          -0.44674772,
          1
        ]
      },
      {
        "date" : 752698860.597595,
        "title" : "Untitled",
        "transform" : [
          -0.986745,
          9.3445465e-07,
          -0.16227846,
          0,
          0.015311596,
          0.9955393,
          -0.09309739,
          0,
          0.16155453,
          -0.09434816,
          -0.9823434,
          0,
          0.019553708,
          0.15371937,
          -0.44718212,
          1
        ]
      },
      {
        "date" : 752698854.697271,
        "title" : "Untitled",
        "transform" : [
          -0.986745,
          9.3445465e-07,
          -0.16227846,
          0,
          0.015311596,
          0.9955393,
          -0.09309739,
          0,
          0.16155453,
          -0.09434816,
          -0.9823434,
          0,
          -0.109599784,
          0.263825,
          -0.7714274,
          1
        ]
      },
      {
        "date" : 752698851.276844,
        "title" : "Untitled",
        "transform" : [
          0.1728038,
          9.341284e-07,
          -0.98495626,
          0,
          -0.10078659,
          0.994751,
          -0.017681358,
          0,
          0.97978616,
          0.10232575,
          0.17189689,
          0,
          0.4675309,
          0.34316862,
          -0.48104104,
          1
        ]
      },
      {
        "date" : 752698844.345214,
        "title" : "Untitled",
        "transform" : [
          -0.990973,
          9.348887e-07,
          0.13406153,
          0,
          0.007125682,
          0.9985869,
          0.052665476,
          0,
          -0.133872,
          0.0531453,
          -0.9895725,
          0,
          -0.17248341,
          0.323435,
          -0.7613487,
          1
        ]
      },
      {
        "date" : 752698837.652855,
        "title" : "Untitled",
        "transform" : [
          0.15066145,
          9.348232e-07,
          -0.9885854,
          0,
          -0.032862175,
          0.9994474,
          -0.005007273,
          0,
          0.988039,
          0.03324143,
          0.15057822,
          0,
          0.6173919,
          0.26949334,
          -0.5195724,
          1
        ]
      }
    ]
  },
  "sceneViewportBackgroundColors" : {

  },
  "selectedSceneRelativePath" : "SceneFinal.usda"
}